2.2080e+08 1.6560e+08 -2.2080e+08 1.6560e+08 0.0000e+00 0.0000e+00 0.0000e+00 0.0000e+00 0.0000e+00 0.0000e+00 0.0000e+00 0.0000e+00 0.0000e+00 0.0000e+00 0.0000e+00 0.0000e+00
1.6560e+08 2.2080e+08 -1.6560e+08 1.1040e+08 0.0000e+00 0.0000e+00 0.0000e+00 0.0000e+00 0.0000e+00 0.0000e+00 0.0000e+00 0.0000e+00 0.0000e+00 0.0000e+00 0.0000e+00 0.0000e+00
-2.2080e+08 -1.6560e+08 3.3120e+08 -8.2800e+07 -1.1040e+08 8.2800e+07 0.0000e+00 0.0000e+00 0.0000e+00 0.0000e+00 0.0000e+00 0.0000e+00 0.0000e+00 0.0000e+00 0.0000e+00 0.0000e+00
1.6560e+08 1.1040e+08 -8.2800e+07 3.3120e+08 -8.2800e+07 5.5200e+07 0.0000e+00 0.0000e+00 0.0000e+00 0.0000e+00 0.0000e+00 0.0000e+00 0.0000e+00 0.0000e+00 0.0000e+00 0.0000e+00
0.0000e+00 0.0000e+00 -1.1040e+08 -8.2800e+07 1.8400e+08 -2.7600e+07 0.0000e+00 -7.3600e+07 5.5200e+07 0.0000e+00 0.0000e+00 0.0000e+00 0.0000e+00 0.0000e+00 0.0000e+00 0.0000e+00
0.0000e+00 0.0000e+00 8.2800e+07 5.5200e+07 -2.7600e+07 1.8431e+08 -2.3334e+05 -5.5200e+07 3.6800e+07 0.0000e+00 0.0000e+00 0.0000e+00 -2.3334e+05 0.0000e+00 -3.1113e+05 0.0000e+00
0.0000e+00 0.0000e+00 0.0000e+00 0.0000e+00 0.0000e+00 -2.3334e+05 3.1113e+05 0.0000e+00 0.0000e+00 0.0000e+00 0.0000e+00 0.0000e+00 1.5556e+05 0.0000e+00 2.3334e+05 0.0000e+00
0.0000e+00 0.0000e+00 0.0000e+00 0.0000e+00 -7.3600e+07 -5.5200e+07 0.0000e+00 2.9440e+08 1.1040e+08 0.0000e+00 -2.2080e+08 1.6560e+08 0.0000e+00 0.0000e+00 0.0000e+00 0.0000e+00
0.0000e+00 0.0000e+00 0.0000e+00 0.0000e+00 5.5200e+07 3.6800e+07 0.0000e+00 1.1040e+08 2.9440e+08 0.0000e+00 -1.6560e+08 1.1040e+08 0.0000e+00 0.0000e+00 0.0000e+00 0.0000e+00
0.0000e+00 0.0000e+00 0.0000e+00 0.0000e+00 0.0000e+00 0.0000e+00 0.0000e+00 0.0000e+00 0.0000e+00 3.2149e+03 -8.0373e+02 0.0000e+00 -3.2149e+03 8.0373e+02 0.0000e+00 0.0000e+00
0.0000e+00 0.0000e+00 0.0000e+00 0.0000e+00 0.0000e+00 0.0000e+00 0.0000e+00 -2.2080e+08 -1.6560e+08 -8.0373e+02 2.2080e+08 -1.6560e+08 8.0373e+02 -2.0093e+02 0.0000e+00 0.0000e+00
0.0000e+00 0.0000e+00 0.0000e+00 0.0000e+00 0.0000e+00 0.0000e+00 0.0000e+00 1.6560e+08 1.1040e+08 0.0000e+00 -1.6560e+08 2.2080e+08 0.0000e+00 0.0000e+00 0.0000e+00 0.0000e+00
0.0000e+00 0.0000e+00 0.0000e+00 0.0000e+00 0.0000e+00 -2.3334e+05 1.5556e+05 0.0000e+00 0.0000e+00 -3.2149e+03 8.0373e+02 0.0000e+00 3.1786e+05 -8.0373e+02 2.3334e+05 -3.5210e+03
0.0000e+00 0.0000e+00 0.0000e+00 0.0000e+00 0.0000e+00 0.0000e+00 0.0000e+00 0.0000e+00 0.0000e+00 8.0373e+02 -2.0093e+02 0.0000e+00 -8.0373e+02 2.0093e+02 0.0000e+00 0.0000e+00
0.0000e+00 0.0000e+00 0.0000e+00 0.0000e+00 0.0000e+00 -3.1113e+05 2.3334e+05 0.0000e+00 0.0000e+00 0.0000e+00 0.0000e+00 0.0000e+00 2.3334e+05 0.0000e+00 3.1113e+05 0.0000e+00
0.0000e+00 0.0000e+00 0.0000e+00 0.0000e+00 0.0000e+00 0.0000e+00 0.0000e+00 0.0000e+00 0.0000e+00 0.0000e+00 0.0000e+00 0.0000e+00 -3.5210e+03 0.0000e+00 0.0000e+00 3.5210e+03
