1.2272e+05 0.0000e+00 0.0000e+00 -1.2272e+05 0.0000e+00 0.0000e+00 0.0000e+00 0.0000e+00 0.0000e+00 0.0000e+00 0.0000e+00 0.0000e+00 0.0000e+00 0.0000e+00 0.0000e+00 0.0000e+00 0.0000e+00 0.0000e+00 0.0000e+00
0.0000e+00 3.0240e+02 1.5120e+05 0.0000e+00 -3.0240e+02 1.5120e+05 0.0000e+00 0.0000e+00 0.0000e+00 0.0000e+00 0.0000e+00 0.0000e+00 0.0000e+00 0.0000e+00 0.0000e+00 0.0000e+00 0.0000e+00 0.0000e+00 0.0000e+00
0.0000e+00 1.5120e+05 1.0080e+08 0.0000e+00 -1.5120e+05 5.0400e+07 0.0000e+00 0.0000e+00 0.0000e+00 0.0000e+00 0.0000e+00 0.0000e+00 0.0000e+00 0.0000e+00 0.0000e+00 0.0000e+00 0.0000e+00 0.0000e+00 0.0000e+00
-1.2272e+05 0.0000e+00 0.0000e+00 1.8408e+05 0.0000e+00 0.0000e+00 -6.1360e+04 0.0000e+00 0.0000e+00 0.0000e+00 0.0000e+00 0.0000e+00 0.0000e+00 0.0000e+00 0.0000e+00 0.0000e+00 0.0000e+00 0.0000e+00 0.0000e+00
0.0000e+00 -3.0240e+02 -1.5120e+05 0.0000e+00 3.4020e+02 -1.1340e+05 0.0000e+00 -3.7800e+01 3.7800e+04 0.0000e+00 0.0000e+00 0.0000e+00 0.0000e+00 0.0000e+00 0.0000e+00 0.0000e+00 0.0000e+00 0.0000e+00 0.0000e+00
0.0000e+00 1.5120e+05 5.0400e+07 0.0000e+00 -1.1340e+05 1.5120e+08 0.0000e+00 -3.7800e+04 2.5200e+07 0.0000e+00 0.0000e+00 0.0000e+00 0.0000e+00 0.0000e+00 0.0000e+00 0.0000e+00 0.0000e+00 0.0000e+00 0.0000e+00
0.0000e+00 0.0000e+00 0.0000e+00 -6.1360e+04 0.0000e+00 0.0000e+00 1.2835e+07 0.0000e+00 0.0000e+00 -4.0907e+04 0.0000e+00 0.0000e+00 0.0000e+00 0.0000e+00 0.0000e+00 -1.2732e+07 0.0000e+00 0.0000e+00 0.0000e+00
0.0000e+00 0.0000e+00 0.0000e+00 0.0000e+00 -3.7800e+01 -3.7800e+04 0.0000e+00 9.5591e+06 2.2502e+07 0.0000e+00 -1.1200e+01 1.6800e+04 0.0000e+00 0.0000e+00 0.0000e+00 0.0000e+00 -9.5591e+06 2.2523e+07 0.0000e+00
0.0000e+00 0.0000e+00 0.0000e+00 0.0000e+00 3.7800e+04 2.5200e+07 0.0000e+00 2.2502e+07 1.5476e+08 0.0000e+00 -1.6800e+04 1.6800e+07 0.0000e+00 0.0000e+00 0.0000e+00 0.0000e+00 -2.2523e+07 3.5379e+07 0.0000e+00
0.0000e+00 0.0000e+00 0.0000e+00 0.0000e+00 0.0000e+00 0.0000e+00 -4.0907e+04 0.0000e+00 0.0000e+00 1.6363e+05 0.0000e+00 0.0000e+00 -1.2272e+05 0.0000e+00 0.0000e+00 0.0000e+00 0.0000e+00 0.0000e+00 0.0000e+00
0.0000e+00 0.0000e+00 0.0000e+00 0.0000e+00 0.0000e+00 0.0000e+00 0.0000e+00 -1.1200e+01 -1.6800e+04 0.0000e+00 3.1360e+02 1.3440e+05 0.0000e+00 -3.0240e+02 1.5120e+05 0.0000e+00 0.0000e+00 0.0000e+00 0.0000e+00
0.0000e+00 0.0000e+00 0.0000e+00 0.0000e+00 0.0000e+00 0.0000e+00 0.0000e+00 1.6800e+04 1.6800e+07 0.0000e+00 1.3440e+05 1.3440e+08 0.0000e+00 -1.5120e+05 5.0400e+07 0.0000e+00 0.0000e+00 0.0000e+00 0.0000e+00
0.0000e+00 0.0000e+00 0.0000e+00 0.0000e+00 0.0000e+00 0.0000e+00 0.0000e+00 0.0000e+00 0.0000e+00 -1.2272e+05 0.0000e+00 0.0000e+00 1.2304e+05 -1.8684e+02 0.0000e+00 -3.2031e+02 1.8684e+02 0.0000e+00 0.0000e+00
0.0000e+00 0.0000e+00 0.0000e+00 0.0000e+00 0.0000e+00 0.0000e+00 0.0000e+00 0.0000e+00 0.0000e+00 0.0000e+00 -3.0240e+02 -1.5120e+05 -1.8684e+02 4.1139e+02 -1.5120e+05 1.8684e+02 -1.0899e+02 0.0000e+00 0.0000e+00
0.0000e+00 0.0000e+00 0.0000e+00 0.0000e+00 0.0000e+00 0.0000e+00 0.0000e+00 0.0000e+00 0.0000e+00 0.0000e+00 1.5120e+05 5.0400e+07 0.0000e+00 -1.5120e+05 1.0080e+08 0.0000e+00 0.0000e+00 0.0000e+00 0.0000e+00
0.0000e+00 0.0000e+00 0.0000e+00 0.0000e+00 0.0000e+00 0.0000e+00 -1.2732e+07 0.0000e+00 0.0000e+00 0.0000e+00 0.0000e+00 0.0000e+00 -3.2031e+02 1.8684e+02 0.0000e+00 1.2733e+07 -1.8684e+02 0.0000e+00 -4.9700e+02
0.0000e+00 0.0000e+00 0.0000e+00 0.0000e+00 0.0000e+00 0.0000e+00 0.0000e+00 -9.5591e+06 -2.2523e+07 0.0000e+00 0.0000e+00 0.0000e+00 1.8684e+02 -1.0899e+02 0.0000e+00 -1.8684e+02 9.5592e+06 -2.2523e+07 0.0000e+00
0.0000e+00 0.0000e+00 0.0000e+00 0.0000e+00 0.0000e+00 0.0000e+00 0.0000e+00 2.2523e+07 3.5379e+07 0.0000e+00 0.0000e+00 0.0000e+00 0.0000e+00 0.0000e+00 0.0000e+00 0.0000e+00 -2.2523e+07 7.0758e+07 0.0000e+00
0.0000e+00 0.0000e+00 0.0000e+00 0.0000e+00 0.0000e+00 0.0000e+00 0.0000e+00 0.0000e+00 0.0000e+00 0.0000e+00 0.0000e+00 0.0000e+00 0.0000e+00 0.0000e+00 0.0000e+00 -4.9700e+02 0.0000e+00 0.0000e+00 4.9700e+02
