1.7266e-07 2.7930e-23 1.5282e-04 1.3298e-07 8.3537e-23 3.3942e-04 5.3616e-08 1.0489e-08 3.6618e-04 -2.0877e-08 1.3986e-08 3.4199e-04 -2.5843e-08 -3.3700e-11 3.3967e-04 5.3649e-08 -3.3700e-11
4.2532e-23 8.1486e-06 4.1845e-20 4.0202e-23 8.1486e-06 1.0535e-19 2.0088e-23 8.1486e-06 1.1546e-19 -7.9877e-24 8.1486e-06 1.0605e-19 -9.9116e-24 8.1486e-06 1.0580e-19 2.0164e-23 8.1486e-06
1.5282e-04 2.7388e-20 1.4621e-01 1.3298e-04 8.1915e-20 3.3280e-01 5.3616e-05 1.0489e-05 3.5957e-01 -2.0877e-05 1.3986e-05 3.3538e-01 -2.5843e-05 -3.3700e-08 3.3306e-01 5.3649e-05 -3.3700e-08
1.3298e-07 2.6303e-23 1.3298e-04 1.3298e-07 7.8669e-23 3.1958e-04 5.3616e-08 1.0489e-08 3.4634e-04 -2.0877e-08 1.3986e-08 3.2215e-04 -2.5843e-08 -3.3700e-11 3.1983e-04 5.3649e-08 -3.3700e-11
1.2760e-22 8.1486e-06 1.2553e-19 1.2060e-22 2.4446e-05 3.1605e-19 6.0263e-23 2.4446e-05 3.4638e-19 -2.3963e-23 2.4446e-05 3.1816e-19 -2.9735e-23 2.4446e-05 3.1739e-19 6.0491e-23 2.4446e-05
3.3942e-04 6.9148e-20 3.3280e-01 3.1958e-04 2.0681e-19 8.3968e-01 1.6085e-04 3.1468e-05 9.1997e-01 -6.2630e-05 4.1957e-05 8.4740e-01 -7.7529e-05 -1.0110e-07 8.4044e-01 1.6095e-04 -1.0110e-07
5.3616e-08 1.3288e-23 5.3616e-05 5.3616e-08 3.9744e-23 1.6085e-04 5.3616e-08 1.0489e-08 1.8761e-04 -2.0877e-08 1.3986e-08 1.6342e-04 -2.5843e-08 -3.3700e-11 1.6110e-04 5.3649e-08 -3.3700e-11
1.0489e-08 8.1486e-06 1.0489e-05 1.0489e-08 2.4446e-05 3.1468e-05 1.0489e-08 4.8892e-05 6.2935e-05 1.0489e-08 4.8892e-05 7.3424e-05 1.0489e-08 2.4446e-05 3.1517e-05 1.0489e-08 2.4446e-05
3.6618e-04 7.5981e-20 3.5957e-01 3.4634e-04 2.2726e-19 9.1997e-01 1.8761e-04 6.2935e-05 1.0354e+00 -8.0776e-05 8.3913e-05 9.3477e-01 -1.1057e-04 -2.0220e-07 9.2085e-01 1.8781e-04 -2.0220e-07
-2.0877e-08 -5.0616e-24 -2.0877e-05 -2.0877e-08 -1.5133e-23 -6.2630e-05 -2.0877e-08 1.0489e-08 -8.0776e-05 2.3678e-08 1.3986e-08 -6.0408e-05 1.8712e-08 -3.3700e-11 -6.2729e-05 -2.0843e-08 -3.3700e-11
1.3986e-08 8.1486e-06 1.3986e-05 1.3986e-08 2.4446e-05 4.1957e-05 1.3986e-08 4.8892e-05 8.3913e-05 1.3986e-08 5.7040e-05 9.7899e-05 1.3986e-08 2.4446e-05 4.2023e-05 1.3986e-08 2.4446e-05
3.4199e-04 7.0104e-20 3.3538e-01 3.2215e-04 2.0969e-19 8.4740e-01 1.6342e-04 7.3424e-05 9.3477e-01 -6.0408e-05 9.7899e-05 8.6442e-01 -7.5330e-05 -2.3590e-07 8.4818e-01 1.6365e-04 -2.3590e-07
-2.5843e-08 -6.2843e-24 -2.5843e-05 -2.5843e-08 -1.8791e-23 -7.7529e-05 -2.5843e-08 1.0489e-08 -1.1057e-04 1.8712e-08 1.3986e-08 -7.5330e-05 5.3429e-08 -3.3700e-11 -7.7650e-05 -2.5810e-08 -3.3700e-11
-3.3700e-11 8.1486e-06 -3.3700e-08 -3.3700e-11 2.4446e-05 -1.0110e-07 -3.3700e-11 2.4446e-05 -2.0220e-07 -3.3700e-11 2.4446e-05 -2.3590e-07 -3.3700e-11 2.4524e-05 -1.0126e-07 -3.3700e-11 2.4524e-05
3.3967e-04 6.9210e-20 3.3306e-01 3.1983e-04 2.0700e-19 8.4044e-01 1.6110e-04 3.1517e-05 9.2085e-01 -6.2729e-05 4.2023e-05 8.4818e-01 -7.7650e-05 -1.0126e-07 8.4120e-01 1.6133e-04 -1.0126e-07
5.3649e-08 1.3307e-23 5.3649e-05 5.3649e-08 3.9801e-23 1.6095e-04 5.3649e-08 1.0489e-08 1.8781e-04 -2.0843e-08 1.3986e-08 1.6365e-04 -2.5810e-08 -3.3700e-11 1.6133e-04 1.1021e-07 -3.3700e-11
-3.3700e-11 8.1486e-06 -3.3700e-08 -3.3700e-11 2.4446e-05 -1.0110e-07 -3.3700e-11 2.4446e-05 -2.0220e-07 -3.3700e-11 2.4446e-05 -2.3590e-07 -3.3700e-11 2.4524e-05 -1.0126e-07 -3.3700e-11 2.0366e-03
